102900005115250
102900005116530
102900005116547
102900005116837
102900005116912
102900005117353
102900005119098
102900005119104
102900005119944
102900005125815
102900011001806
102900011001813
102900011007044
102900011008577
102900011009246
102900011010563
102900011011058
102900011011546
102900011011669
102900011011782
102900011012482
102900011012871
102900011012994
102900011013274
102900011018095
102900011021675
102900011021699
102900011023075
102900011026793
102900011030561
102900011030608
102900011030615
102900011030622
102900011030639
102900011030912
102900011030929
102900011031599
102900011031841
102900011031858
102900011031926
102900011031995
102900011032619
102900011032626
102900011032633
102900011032640
102900011033937
102900011033944
102900011033968
102900011034330
102900011034538
102900011034705
102900011035740
102900011035788
102900011036068
102900011036266
102900051009336
106930274220092
106930274620090
106931885000035
106931885000356
106949711300068
106949711300167
106949711300259
106956146480197
106956146480203
106957634300010
106957634300058
106958851400125
106971533450003
106971533455008
106973223300667
106973990980123
