mushroom:
[ 0.00240061 -0.04071552  0.28069722 -1.00794172  2.00297023 -2.14794726
  1.1199286  -0.13999821]
corrcoef: 0.32755802728180894
flower_leaf:
[-3.09667624e-04  6.57810583e-03 -5.39564037e-02  2.09291329e-01
 -3.47391224e-01  8.97740170e-03  5.66106301e-01 -1.54196163e-01]
corrcoef: 0.3448329817723864
flower_cauliflower:
[-0.00619874  0.06437706 -0.24727722  0.43782662 -0.34557005  0.06318423
  0.08262516  0.00075026]
corrcoef: 0.6306606629847424
water_root:
[ 0.01054342 -0.00583867 -0.23972276  0.85674436 -1.23876529  0.80374362
 -0.13150438  0.01294586]
corrcoef: 0.6642702667978454
eggplant:
[ 8.26798498e-02 -4.16526693e-01  8.62310646e-01 -9.48081983e-01
  5.77833570e-01 -2.07636014e-01  9.46281979e-02  2.98978956e-05]
corrcoef: 0.7710674407231531
pepper:
[ 2.17142004e-06 -9.21880525e-05  1.55270783e-03 -1.31445854e-02
  5.77951294e-02 -1.19047711e-01  7.63610377e-02  1.27379998e-01]
corrcoef: 0.27287903928162105
mushroom:
[ 0.00240061 -0.04071552  0.28069722 -1.00794172  2.00297023 -2.14794726
  1.1199286  -0.13999821]
corrcoef: 0.32755802728180894
