516837
616085
255776
419040
301440
565358
620897
400021
259194
351151
569114
444073
336834
618047
560241
617849
625759
580615
560318
471225
576988
533801
536328
89047
381
531603
640712
234544
266168
1014485
226952
235692
561855
272411
120892
508262
646435
521352
377253
219199
230921
630635
122098
542881
1049345
1046182
451610
99762
503915
1024985
326943
326944
18138
44656
58995
31308
405001
411016
72802
25485
4212
1795
231825
287372
19245
38309
530989
546286
558114
540851
243202
340346
289438
439120
429290
358778
1014789
430810
455416
338852
260290
221670
441897
345562
280963
592707
618756
627164
650884
373978
418502
305546
330508
461641
479049
560159
650551
652188
398668
103693
65242
63683
84532
44209
44558
42237
37971
38361
29631
30752
30746
30312
26522
26097
19722
30771
30807
37172
57458
57898
57275
58184
83877
87356
87357
87358
87359
101693
101909
104137
103718
103719
136593
180092
142196
180254
180255
236972
243872
265744
285543
293166
348096
357005
562562
400601
396102
560607
205748
588121
580266
88844
92680
74406
637367
634777
626265
598444
593066
592111
590318
589764
520906
511553
495567
483334
442632
590267
586481
398850
557265
461117
120849
124092
182948
149556
116217
113330
105782
105078
54787
54125
26471
26322
651958
22248
21049
21047
21039
12355
9636
1465
140009
289966
640330
626334
344282
404196
520967
608268
651777
564536
552848
650138
573531
600064
650293
185574
409678
412277
436318
419629
463445
496902
513122
536319
540889
600068
642381
308594
590248
645843
94410
298777
486836
487273
623257
626241
222246
575165
637111
637373
639268
641419
544857
572023
635974
639968
594091
355019
563966
562116
561304
198669
576281
113486
135692
93923
634758
635848
635843
635178
633922
119654
536293
541609
415778
499273
363907
355908
551524
376155
482387
548805
457165
511356
447
573971
501947
7013
12453
13797
18822
23723
32283
33517
37922
38051
51274
92356
21297
138300
330914
32285
4005
617414
467094
323614
457449
71142
67005
24212
47261
557992
495258
357660
523574
433651
581674
321714
178922
150214
147836
323631
620001
607059
628389
630405
630589
630595
630594
381971
630584
549853
480437
630585
630642
630644
627796
627904
626612
626350
626371
626398
626478
626488
626489
626554
626564
623438
623459
623639
623654
624118
624268
624389
624391
624392
624396
624397
625225
625230
625231
625249
625279
625281
497315
625283
625290
625306
625361
625535
625762
625761
626216
626221
626224
626228
626234
626246
626261
626275
547780
535817
481309
626278
626292
624377
622571
598783
621842
113910
623182
623175
412006
363660
525605
242105
620854
620140
619323
619288
620178
620198
620196
620142
620192
616265
618083
254437
432215
457993
546274
618071
617280
616207
616206
616201
615389
615386
614168
375616
446258
464550
490864
614512
614166
613987
618039
617392
616473
617319
615104
615100
616095
616118
616121
616140
478047
611670
610668
612196
474792
221520
504816
480715
346821
330459
118983
449678
211696
587915
548131
553436
553582
553583
544401
2127
59704
119614
17242
16056
43619
50895
577540
526002
523040
151219
231032
444564
384262
596946
557324
589721
550142
601655
600103
570212
549758
431896
418532
425939
604835
530940
285027
475489
513035
572318
544185
602107
601228
417903
566627
352698
148577
119804
464557
572776
572777
593097
509463
442687
452292
385746
364074
316024
596030
20911
100852
100853
112693
235414
279469
519488
476710
534651
565646
550929
368304
332834
561237
570076
548981
332812
461587
295402
351970
398707
448142
150788
212323
391867
455602
480192
543210
523361
551869
551938
575504
504912
590281
547359
416375
415326
415497
410242
409858
352874
76547
346541
232699
232698
232696
220269
315342
422826
336769
323332
55150
55148
221704
224388
545454
545455
596433
596436
570967
560045
524154
464529
591481
587354
584624
570917
516617
595859
496741
399297
288076
495318
598337
527309
142464
568104
578362
563747
563746
496434
511152
398379
558934
536646
496147
438893
355967
337624
273371
331509
273256
301816
267133
259183
251294
249844
231961
213075
210196
147040
138337
15755
123687
146458
186693
249851
539232
93220
571298
344145
520046
446679
51928
501106
514371
147929
544188
96975
554959
229556
230189
369650
15647
567930
567369
571984
347945
351587
530563
572656
298127
505238
431307
87751
309166
522292
567493
567255
567624
566570
541360
566734
555200
413882
394311
145913
482797
562854
286038
1063156
1040852
1041526
1045271
1046165
1046186
1046231
1046280
1046431
1046450
1046451
1046453
1046520
1047459
1047508
1047516
1051224
1048047
1048962
1048989
1048355
1049409
1049609
1049618
1050494
1051116
1051117
1051186
1051189
1051828
1051832
1051835
1051851
1051856
1052239
1052241
1052298
1052332
1052394
1052393
1052392
1052395
1052715
1053398
1053461
1053455
1053626
1053647
1053648
1053649
1053683
1054234
1054239
1054435
1054600
1054808
1054819
1054624
1054832
1054834
1054835
1058848
1058893
1058887
1055301
1055335
1055333
1051258
1058679
1058706
1057661
1057799
1057852
1057855
1058200
1060170
590921
291031
212716
1059629
503861
571343
1059251
1059005
1059010
1059013
1059951
1057851
1058071
1059522
1060153
1059757
1060237
1061028
1061030
1061312
1061591
1061608
96963
96964
99884
103663
103667
470688
556526
586560
1062481
1062483
623152
1062492
1062497
1062498
1062503
1048845
