102900005115168
102900005115199
102900005115625
102900005115748
102900005115762
102900005115779
102900005115786
102900005115793
102900005115816
102900005115823
102900005115854
102900005115861
102900005115878
102900005115885
102900005115908
102900005115946
102900005115960
102900005115977
102900005115984
102900005116639
102900005116776
102900005116790
102900005116806
102900005118572
102900005118817
102900005118831
102900005119975
102900005122654
102900005128748
102900011000175
102900011000571
102900011002414
102900011006689
102900011006948
102900011006955
102900011007464
102900011007471
102900011007495
102900011008133
102900011008164
102900011008485
102900011008492
102900011008515
102900011008522
102900011008676
102900011015384
102900011015391
102900011021644
102900011022849
102900011022924
102900011023464
102900011026502
102900011026618
102900011027462
102900011027615
102900011029688
102900011030042
102900011030059
102900011030097
102900011030103
102900011030110
102900011030134
102900011030141
102900011030158
102900011030400
102900011030417
102900011030905
102900011031216
102900011032176
102900011032282
102900011032480
102900011032589
102900011032787
102900011033081
102900011033173
102900011033234
102900011033241
102900011033531
102900011033562
102900011033586
102900011033906
102900011033920
102900011034200
102900011034217
102900011034224
102900011034231
102900011034316
102900011034323
102900011034354
102900011035481
102900011035764
102900011035771
102900011035849
102900011036686
102900051000890
102900051009220
102900051010455
102900051010790
106971563780002
106972776821582
