102900005116219
102900005116226
102900005116233
102900005116905
102900005116943
102900005117056
102900005117209
102900005119968
102900005123880
102900005125808
102900011000328
102900011000861
102900011001219
102900011009772
102900011016701
102900011022030
102900011023648
102900011027479
102900011028407
102900011029176
102900011029275
102900011029299
102900011029305
102900011031100
102900011031582
102900011031735
102900011031742
102900011031759
102900011032022
102900011032145
102900011032206
102900011032213
102900011032220
102900011032237
102900011032244
102900011032251
102900011032343
102900011032350
102900011032367
102900011032848
102900011034262
102900011034439
102900011035078
102900011036242
102900051004294
